Exp(0.000000) = 1.000000
Log(0.000000) = -inf
Sen(0.000000) = 0.000000
Cos(0.000000) = 1.000000
Raiz cuadrada(0.000000) = 0.000000
Los resultados con x = 0.000000
Exp(2.000000) = 7.389056
Log(2.000000) = 0.693147
Sen(2.000000) = 0.909297
Cos(2.000000) = -0.416147
Raiz cuadrada(2.000000) = 1.414214
Los resultados con x = 2.000000
Exp(4.000000) = 54.598148
Log(4.000000) = 1.386294
Sen(4.000000) = -0.756802
Cos(4.000000) = -0.653644
Raiz cuadrada(4.000000) = 2.000000
Los resultados con x = 4.000000
Exp(6.000000) = 403.428802
Log(6.000000) = 1.791759
Sen(6.000000) = -0.279415
Cos(6.000000) = 0.960170
Raiz cuadrada(6.000000) = 2.449490
Los resultados con x = 6.000000
Exp(8.000000) = 2980.958008
Log(8.000000) = 2.079442
Sen(8.000000) = 0.989358
Cos(8.000000) = -0.145500
Raiz cuadrada(8.000000) = 2.828427
Los resultados con x = 8.000000
Exp(10.000000) = 22026.464844
Log(10.000000) = 2.302585
Sen(10.000000) = -0.544021
Cos(10.000000) = -0.839072
Raiz cuadrada(10.000000) = 3.162278
Los resultados con x = 10.000000
