Tin: 0.000000
Tfin: 0.000000
N: 4